0 1 0 0.00221598720599 8.56831686323
0 1 1 0.0028525988309 8.35354940289
0 1 2 0.00479299692111 7.76752298623
0 1 3 0.00529362012141 7.77008803332
0 1 4 0.00741177594983 7.56192903306
0 1 5 0.00930404536574 7.4957824058
0 2 0 0.0030055694852 10.048519596
0 2 1 0.00429603330852 9.81660557515
0 2 2 0.00585711505505 9.75938562687
0 2 3 0.00686495295481 10.030192344
0 2 4 0.00977739776442 10.2403614584
0 2 5 0.014299765086 10.3233778109
0 3 0 0.00356887794851 12.1362353246
0 3 1 0.00625910985121 11.6112448307
0 3 2 0.00583326328389 12.1176647789
0 3 3 0.00945524752705 12.1256405598
0 3 4 0.013379100439 12.3298233598
0 3 5 0.0180660062323 12.9383105771
0 4 0 0.00426701423462 11.5045629608
0 4 1 0.00492192141226 11.7694453787
0 4 2 0.00669170083823 11.5913800286
0 4 3 0.0088347438217 12.2183775666
0 4 4 0.0127867978173 12.5990928661
0 4 5 0.0181054789443 12.9146868608
0 5 0 0.00562616124022 12.8935146526
0 5 1 0.00678815214014 13.0582019466
0 5 2 0.00835968738946 13.2141623296
0 5 3 0.0120075694413 13.5560928716
0 5 4 0.016995397047 13.9780862233
0 5 5 0.0224443581756 14.6126186744
0 6 0 0.00473001434616 11.9974750547
0 6 1 0.00609412760433 11.9784719927
0 6 2 0.00817761547435 11.9654040259
0 6 3 0.0118857312558 12.2183356709
0 6 4 0.0159997774295 13.0261877234
0 6 5 0.0207515716709 13.4318302964
0 7 0 0.00627606962965 12.6681751084
0 7 1 0.00786106834736 12.7735920139
0 7 2 0.0106253658741 12.6248308477
0 7 3 0.0136437557921 13.4906247723
0 7 4 0.0182432690303 14.0832401801
0 7 5 0.0245200255409 14.5344994912
0 8 0 0.00550152269999 11.3600442766
0 8 1 0.00704240104459 11.3176170712
0 8 2 0.00948878840366 11.3823380655
0 8 3 0.0132305171397 11.7318361929
0 8 4 0.017146214206 12.3148249999
0 8 5 0.0221680032771 13.0082762152
0 9 0 0.00587976708078 12.2498828215
0 9 1 0.00782921065889 12.1312697357
0 9 2 0.0100271248456 12.2394950342
0 9 3 0.0156990383063 12.0650664745
0 9 4 0.0190664203971 13.2328602361
0 9 5 0.0250683456726 13.6235520412
0 10 0 0.00508495804805 10.9674954783
0 10 1 0.00714313437346 10.7698224962
0 10 2 0.00920660281929 10.8235862333
0 10 3 0.0132930281163 11.0589662553
0 10 4 0.0179154812414 11.3622288321
0 10 5 0.0219581032449 12.3599751519
0 11 0 0.00605702047735 11.4601240357
0 11 1 0.00845212803826 11.0557578151
0 11 2 0.0109653037068 11.2133827285
0 11 3 0.0160339809169 11.2416746055
0 11 4 0.0195515699773 11.9826253296
0 11 5 0.0248576917919 12.6611451096
0 12 0 0.00580883845691 10.5303998924
0 12 1 0.00751867700675 10.3249869072
0 12 2 0.010280740501 10.1439294275
0 12 3 0.01517874725 9.97487154533
0 12 4 0.0190541966596 10.4586609295
0 12 5 0.0219235359254 11.7167170471
0 13 0 0.00689443525023 10.7464386274
0 13 1 0.00925672558129 10.3940214535
0 13 2 0.0127447920707 10.2008440238
0 13 3 0.0160076294403 10.5571724588
0 13 4 0.020262850183 11.0832908512
0 13 5 0.0243018692048 12.0363969418
0 14 0 0.00641795491385 9.9889919779
0 14 1 0.00662897064968 10.2050825947
0 14 2 0.0109003988081 9.599699424
0 14 3 0.015026312691 9.6271233707
0 14 4 0.0180903754981 10.0625969265
0 14 5 0.0215595609568 10.8881724513
0 15 0 0.00635859999066 10.3343492234
0 15 1 0.00911624897092 9.90281194558
0 15 2 0.0116532471119 9.87674050048
0 15 3 0.0164432340754 9.81169851165
0 15 4 0.0203168971087 10.243152509
0 15 5 0.0235251727035 11.2384811305
0 16 0 0.00659672097909 9.5690418567
0 16 1 0.00822714511843 9.43642240957
0 16 2 0.0112703407969 9.08759258218
0 16 3 0.0148745264424 9.1972199383
0 16 4 0.0184815046123 9.39954214029
0 16 5 0.0194848737216 10.6702308366
0 17 0 0.00915043383306 9.63359084019
0 17 1 0.00910384557952 9.60290677616
0 17 2 0.0112618635555 9.70471777357
0 17 3 0.0171540070222 9.31984382642
0 17 4 0.0203051317136 9.84307092283
0 17 5 0.022711173916 10.7152861017
0 18 0 0.00763713329918 9.34046122733
0 18 1 0.0094389311907 9.23885256065
0 18 2 0.010358058235 9.18785823851
0 18 3 0.0154679668645 8.99348113812
0 18 4 0.0179694255097 9.32329963304
0 18 5 0.0213907055392 10.0886564647
0 19 0 0.0105769666505 9.17251545463
0 19 1 0.00918504960676 9.69081719563
0 19 2 0.0120966587098 9.26567152951
0 19 3 0.0178198885028 9.23916555001
0 19 4 0.0227807115523 9.08318654029
0 19 5 0.0218482591598 10.7094928204
0 20 0 0.00982063910265 9.03091624223
0 20 1 0.0111536222386 8.8160102177
0 20 2 0.0128819056726 9.10872970158
0 20 3 0.0174375399719 8.67814487658
0 20 4 0.0230155221079 8.59095535448
0 20 5 0.0214945681401 10.083773191
0 21 0 0.0133988021026 8.67559656129
0 21 1 0.0157443276242 8.69313312209
0 21 2 0.0169387576554 8.8553427121
0 21 3 0.019610915527 9.04426051398
0 21 4 0.022308559394 9.18938458842
0 21 5 0.0273029685092 9.89263636673
0 22 0 0.0117209252734 9.22744852138
0 22 1 0.0143130688279 8.78643345966
0 22 2 0.0153584866645 8.78481278857
0 22 3 0.0198649028941 8.65226816636
0 22 4 0.0245940443836 8.71479778181
0 22 5 0.023170044575 10.0167846453
0 23 0 0.0127260990913 9.34985543707
0 23 1 0.0182782503923 8.48216808213
0 23 2 0.0198974633345 8.47105771307
0 23 3 0.0244193390497 8.52012077024
0 23 4 0.0262341588649 9.05097965526
0 23 5 0.0281245093965 10.2589686281
0 24 0 0.0157128900622 8.59036916572
0 24 1 0.0185536009853 8.46573243388
0 24 2 0.0188606274055 8.60181715723
0 24 3 0.0230231679404 8.3901484064
0 24 4 0.0274386962993 8.65445377178
0 24 5 0.0293114334427 9.53391889761
0 25 0 0.0151502389363 8.85512892561
0 25 1 0.0230388712935 8.10622992091
0 25 2 0.0233271345094 8.28756847778
0 25 3 0.0263177120961 8.42897534493
0 25 4 0.0335773193426 8.4032254498
0 25 5 0.030993561578 9.92999901589
0 26 0 0.01848672061 8.47019205597
0 26 1 0.0228109568408 8.1106422946
0 26 2 0.0212031176166 8.11065736395
0 26 3 0.0296892942231 7.85572225767
0 26 4 0.0360119113164 8.23405081379
0 26 5 0.0300809086198 9.84683364931
0 27 0 0.0203148076618 8.61700340525
0 27 1 0.0192832696433 8.5398959222
0 27 2 0.0241895047023 8.15718317387
0 27 3 0.0309758676367 8.14693401106
0 27 4 0.0367356288478 8.23241834606
0 27 5 0.0358515732733 9.72059993727
0 28 0 0.0214080512354 8.32184135007
0 28 1 0.0268485526713 7.86450354515
0 28 2 0.0246163425378 8.07556839701
0 28 3 0.030450545113 8.19982873626
0 28 4 0.0351299194361 8.39006544378
0 28 5 0.0324279598226 9.78028363288
0 29 0 0.0220523949847 8.43603883518
0 29 1 0.0297004939396 7.77987965366
0 29 2 0.0252901226026 8.08132869769
0 29 3 0.0350139644305 7.63622699622
0 29 4 0.041842118644 7.99470212506
0 29 5 0.0452131451222 8.98119132045
0 30 0 0.0307201044697 7.67724705646
0 30 1 0.0262917795731 7.90264698794
0 30 2 0.0290129248244 7.99096440705
0 30 3 0.037381169687 7.45747445487
0 30 4 0.0406458201175 7.83018683419
0 30 5 0.0392892180508 9.19900412068
1 1 0 0.00845518245419 8.42367270662
1 1 1 0.0268594164668 7.42942791625
1 1 2 0.0268615039481 7.52933272749
1 2 0 0.0178329288859 9.57567323544
1 2 1 0.0206882799308 9.53459213872
1 2 2 0.0285864902693 8.96391662922
1 3 0 0.0215190343524 11.5402834746
1 3 1 0.0305724248892 11.0506468168
1 3 2 0.0336706363811 10.8650112931
1 4 0 0.0243830825515 10.3455209886
1 4 1 0.0313754165642 10.1140328482
1 4 2 0.0302464722946 10.4325178936
1 5 0 0.03227740072 11.6755493567
1 5 1 0.0426577781687 11.4993951245
1 5 2 0.0446034106708 11.5664060328
1 6 0 0.0389098759205 9.66845131064
1 6 1 0.0359809120362 10.5445697127
1 6 2 0.0363830958036 10.6728044469
1 7 0 0.0484541906603 10.8784244914
1 7 1 0.0447841413938 11.3474435194
1 7 2 0.0535442299112 11.0444460623
1 8 0 0.0382162513105 9.99007082051
1 8 1 0.0499410602572 9.3320224276
1 8 2 0.0469370761921 9.9556609116
1 9 0 0.0463664452407 10.5175777473
1 9 1 0.0596013120537 10.0003661427
1 9 2 0.0669849747315 9.73743071627
1 10 0 0.0400750124991 9.53641437401
1 10 1 0.0506607695454 9.20842803826
1 10 2 0.0530548379974 9.357193466
1 11 0 0.0499770569834 9.97835212206
1 11 1 0.0702880300777 9.51079017942
1 11 2 0.0754090890292 9.20039707604
1 12 0 0.0478668406777 9.31472323891
1 12 1 0.0726175331879 8.36070872309
1 12 2 0.0657853317042 8.62360402842
1 13 0 0.0728209033653 9.22518913682
1 13 1 0.0891882021349 8.49119564352
1 13 2 0.0849990678798 8.8596541315
1 14 0 0.0718500800505 8.58218431432
1 14 1 0.076154780712 8.45377994829
1 14 2 0.0711205925384 8.55840734578
1 15 0 0.0865728114104 8.59789734551
1 15 1 0.115161082097 7.67206354405
1 15 2 0.0973555185296 8.48074153871
1 16 0 0.10505621232 7.81602615046
1 16 1 0.0890374977962 8.0683808281
1 16 2 0.0977638258604 7.84071198879
1 17 0 0.148328899709 7.86597926766
1 17 1 0.140036756495 7.89582051555
1 17 2 0.136705897303 7.61338827547
1 18 0 0.10659641118 8.19334993048
1 18 1 0.129264376882 7.41331591499
1 18 2 0.120842697766 7.79089591238
1 19 0 0.158160659786 8.11648240591
1 19 1 0.174503029086 7.19127907371
1 19 2 0.155424130531 7.56423932035
1 20 0 0.178811670239 7.35417251298
1 20 1 0.172542010452 7.50085121422
1 20 2 0.164529221661 7.36385606775
1 21 0 0.224819155589 7.48115986752
1 21 1 0.233786944415 6.48465319145
1 21 2 0.203454544122 7.11970304489
1 22 0 0.257116183084 7.09590262277
1 22 1 0.205654013053 7.02594124427
1 22 2 0.221576413126 7.04006724946
1 23 0 0.322710828881 6.72707311242
1 23 1 0.267338640518 6.63391356755
1 23 2 0.245900469182 6.88650039627
1 24 0 0.272577581632 7.16181602287
1 24 1 0.272455811706 6.6966332576
1 24 2 0.248996598594 6.80249729043
1 25 0 0.363585894244 6.61250268576
1 25 1 0.301050985554 6.43317232527
1 25 2 0.341231477236 6.11582261249
1 26 0 0.343106805397 7.2348527796
1 26 1 0.336876085496 6.4613501996
1 26 2 0.31163334193 6.49742037046
1 27 0 0.418719198233 6.34101747937
1 27 1 0.362651024194 6.33652562802
1 27 2 0.380799715914 6.08102914586
1 28 0 0.369168420311 7.11225995242
1 28 1 0.459438531134 5.51194635331
1 28 2 0.343095809643 6.39881792397
1 29 0 0.491269315076 6.17823507343
1 29 1 0.398962497025 6.00669389055
1 29 2 0.36078543419 6.5222154542
1 30 0 0.469662823284 6.03114894376
1 30 1 0.500284637193 5.8933216994
1 30 2 0.424434643828 5.88211133774
