0 3 1 0 0.00309771250679 8.12447335714
0 3 1 1 0.00336558298683 8.07020448773
0 3 1 2 0.00463870159671 7.69055761081
0 3 1 3 0.00528313086968 7.57188581966
0 3 1 4 0.00683063618325 7.39616363869
0 3 1 5 0.00919637099757 7.06024922927
0 3 2 0 0.00348787804115 9.97097647466
0 3 2 1 0.00423352722412 9.89607091365
0 3 2 2 0.00505975099984 9.90028689848
0 3 2 3 0.00729832094224 9.86834864184
0 3 2 4 0.0100405473073 9.99756473599
0 3 2 5 0.0141521474862 10.1119837604
0 3 3 0 0.00395869039093 12.0064175939
0 3 3 1 0.00519320318745 11.8457736342
0 3 3 2 0.00665515112585 11.8397391617
0 3 3 3 0.00902146851628 12.1540025428
0 3 3 4 0.0128894540592 12.4551493803
0 3 3 5 0.018907968358 12.4252529081
0 3 4 0 0.00405227347671 11.6108450972
0 3 4 1 0.00518776288303 11.5510228705
0 3 4 2 0.0071801718706 11.4709782882
0 3 4 3 0.00971416529894 11.8510019728
0 3 4 4 0.0134851842035 12.2524701385
0 3 4 5 0.018601317301 12.4741514555
0 3 5 0 0.00482938217771 13.1903455599
0 3 5 1 0.00672945839294 12.9820694066
0 3 5 2 0.00925719484357 12.8775634275
0 3 5 3 0.0122453378756 13.4713327781
0 3 5 4 0.016902542887 13.9813174098
0 3 5 5 0.0226533544891 14.2379883106
0 3 6 0 0.00510123000829 11.7915429827
0 3 6 1 0.0069806021385 11.6128243867
0 3 6 2 0.0086847694813 11.7629728087
0 3 6 3 0.011889113254 12.1634519583
0 3 6 4 0.0167938820999 12.4888840409
0 3 6 5 0.0215791165906 13.0213007571
0 3 7 0 0.00599906480254 12.8477559247
0 3 7 1 0.0079783325829 12.6989035509
0 3 7 2 0.0103103668679 12.661335355
0 3 7 3 0.0142607756279 13.1865953804
0 3 7 4 0.0192093447796 13.7543184714
0 3 7 5 0.0246853131463 14.0762725707
0 3 8 0 0.00538485023123 11.4015362975
0 3 8 1 0.00712483764728 11.3331609869
0 3 8 2 0.00930271808193 11.3565792024
0 3 8 3 0.0131977175392 11.6670737535
0 3 8 4 0.0182070637861 11.9828505937
0 3 8 5 0.0219313919837 12.8189041585
0 3 9 0 0.00585952468785 12.2347976455
0 3 9 1 0.00833159559098 11.9372088874
0 3 9 2 0.0107990145973 11.9479130339
0 3 9 3 0.0151385962222 12.2707616322
0 3 9 4 0.020600432098 12.6012607773
0 3 9 5 0.0241117637965 13.6203384149
0 3 10 0 0.00534828455858 10.8354362601
0 3 10 1 0.00760155627859 10.6298654978
0 3 10 2 0.00958119247596 10.6295989451
0 3 10 3 0.0134687467233 10.8949180572
0 3 10 4 0.0183049518125 11.218276993
0 3 10 5 0.0219935619471 11.9553097216
0 3 11 0 0.00633597394505 11.2858999159
0 3 11 1 0.00893876936017 11.0167854388
0 3 11 2 0.0110969398666 11.0449165156
0 3 11 3 0.0151445025364 11.3815071065
0 3 11 4 0.0208029039945 11.5233838107
0 3 11 5 0.024370139937 12.3954420252
0 3 12 0 0.00577454433027 10.3811146304
0 3 12 1 0.00798046705521 10.2081591275
0 3 12 2 0.0100600974319 10.2223060587
0 3 12 3 0.0137045396884 10.4754339786
0 3 12 4 0.0190753183159 10.4958261369
0 3 12 5 0.0223739334945 11.2196804996
0 3 13 0 0.00667945201951 10.7552061323
0 3 13 1 0.00940921714253 10.3917377628
0 3 13 2 0.0116188814735 10.433732644
0 3 13 3 0.0156589493286 10.6504623201
0 3 13 4 0.0209846970744 10.8209424656
0 3 13 5 0.0242758730898 11.6271238028
0 3 14 0 0.00599913723821 9.90256222166
0 3 14 1 0.00824782204068 9.70337648929
0 3 14 2 0.0100938936651 9.72052508959
0 3 14 3 0.0143390093885 9.69086503725
0 3 14 4 0.0190450094982 9.82899816306
0 3 14 5 0.0218880775682 10.4745751811
0 3 15 0 0.00715065353016 10.130662703
0 3 15 1 0.00932374836068 9.89625735781
0 3 15 2 0.011674040731 9.81990679592
0 3 15 3 0.0157177395289 9.93603389834
0 3 15 4 0.0208534187993 10.0736720104
0 3 15 5 0.0231591292244 10.9478742671
0 3 16 0 0.00614287649314 9.67735582241
0 3 16 1 0.00855712175799 9.3514518441
0 3 16 2 0.0101397800169 9.35588070387
0 3 16 3 0.014578088612 9.2467104142
0 3 16 4 0.0196977446116 9.25492677237
0 3 16 5 0.0209296305152 10.0463069254
0 3 17 0 0.00770453707761 9.78882082262
0 3 17 1 0.010958216007 9.39797034021
0 3 17 2 0.0117529156346 9.51233574992
0 3 17 3 0.0166123405222 9.45361273479
0 3 17 4 0.0216600804376 9.51722011171
0 3 17 5 0.0244205637953 10.1783594177
0 3 18 0 0.0074265138115 9.38086483707
0 3 18 1 0.00974115639754 9.14003119121
0 3 18 2 0.0115683376499 9.03344062874
0 3 18 3 0.0154416450444 8.96459637893
0 3 18 4 0.0205319058896 8.90713987977
0 3 18 5 0.0215353160018 9.7131460291
0 3 19 0 0.00960639052048 9.41473885545
0 3 19 1 0.0115103878971 9.21597377365
0 3 19 2 0.0137907606372 9.03954477777
0 3 19 3 0.0184286146058 9.00684115398
0 3 19 4 0.0228258813908 9.10859240359
0 3 19 5 0.023727830228 10.0344307182
0 3 20 0 0.00912187466617 9.23997677399
0 3 20 1 0.0113717226734 8.93420666527
0 3 20 2 0.0130954368065 8.8755319188
0 3 20 3 0.0167083085876 8.7574619542
0 3 20 4 0.0213608002367 8.83396127674
0 3 20 5 0.0224800750073 9.64867799216
0 3 21 0 0.0118588661062 9.11929381521
0 3 21 1 0.0130474349425 9.04982601739
0 3 21 2 0.0153769594437 8.92461223966
0 3 21 3 0.0192002607024 8.91136816567
0 3 21 4 0.0242571341904 8.93532034342
0 3 21 5 0.0250893646688 9.9053248432
0 3 22 0 0.0123448977462 8.97085447302
0 3 22 1 0.0140718883232 8.76088997189
0 3 22 2 0.0153656437566 8.7586262212
0 3 22 3 0.0199925561844 8.68678834461
0 3 22 4 0.0251025366649 8.72022915826
0 3 22 5 0.0258127698825 9.48017156978
0 3 23 0 0.0154074495424 8.85847783216
0 3 23 1 0.0166275905608 8.67885080825
0 3 23 2 0.0193113591187 8.58240602579
0 3 23 3 0.0231379938617 8.61602104226
0 3 23 4 0.0301865439007 8.54572826579
0 3 23 5 0.0298817125027 9.75060940853
0 3 24 0 0.0157154496913 8.76825983978
0 3 24 1 0.0166253857554 8.6452001839
0 3 24 2 0.0201160773621 8.49760291543
0 3 24 3 0.0237857295664 8.421758441
0 3 24 4 0.0303003361421 8.40951700558
0 3 24 5 0.0302386903947 9.35028424757
0 3 25 0 0.0190188910095 8.59491954633
0 3 25 1 0.0208456770939 8.44765849702
0 3 25 2 0.0241573805675 8.19067570932
0 3 25 3 0.0283976212676 8.21173264149
0 3 25 4 0.0353394237412 8.19613848764
0 3 25 5 0.0347628900044 9.32611272733
0 3 26 0 0.0199007419124 8.41428606181
0 3 26 1 0.0207917923334 8.37288881084
0 3 26 2 0.0241551425725 8.21531967132
0 3 26 3 0.0296210745668 8.04755196617
0 3 26 4 0.0351156074668 8.13007650459
0 3 26 5 0.0352006781513 9.16103231908
0 3 27 0 0.021607664343 8.22863800391
0 3 27 1 0.0245821720447 8.11569403871
0 3 27 2 0.0279794818447 7.97444377374
0 3 27 3 0.0315589163053 8.05525656099
0 3 27 4 0.0387856583685 8.11019860991
0 3 27 5 0.0409480325636 9.01057073427
0 3 28 0 0.0203517447927 8.40337489337
0 3 28 1 0.0232403643209 8.13852224945
0 3 28 2 0.0261689653168 8.01648574961
0 3 28 3 0.0312306771884 8.04235483281
0 3 28 4 0.0372401384771 8.19028538099
0 3 28 5 0.0374624518319 9.0955423153
0 3 29 0 0.025084804086 8.11112658989
0 3 29 1 0.0264764865526 7.9128426173
0 3 29 2 0.0301952444766 7.81895867448
0 3 29 3 0.0380845925523 7.56395716205
0 3 29 4 0.0409867286072 8.01672592385
0 3 29 5 0.0412437189426 9.10698588799
0 3 30 0 0.0236513707664 8.22360425938
0 3 30 1 0.0290900505858 7.76896728005
0 3 30 2 0.0315929209662 7.65413891315
0 3 30 3 0.0340496759252 7.81672476498
0 3 30 4 0.0404288329597 7.92552542546
0 3 30 5 0.0406146866122 8.91574479422
0 4 1 0 0.0258313355994 6.31860677504
0 4 1 1 0.0274990450415 6.10014931155
0 4 1 2 0.0301490445937 6.1079931014
0 4 1 3 0.0350534768219 6.19335940832
0 4 1 4 0.0409580995973 6.59035071878
0 4 1 5 0.0358400466922 7.82101164109
0 4 2 0 0.0321127271561 6.08020950539
0 4 2 1 0.0314414124089 6.01806608924
0 4 2 2 0.0351893125582 5.98949655684
0 4 2 3 0.0409900423949 6.09144539907
0 4 2 4 0.0450193736007 6.48421095518
0 4 2 5 0.04120441337 7.71722787674
0 4 3 0 0.0374606189407 5.88930424321
0 4 3 1 0.0371335859049 5.92138404841
0 4 3 2 0.0435848918047 5.76490777877
0 4 3 3 0.0466822306217 6.00069172857
0 4 3 4 0.0514028459934 6.38342432986
0 4 3 5 0.0459136934318 7.63141370469
0 4 4 0 0.0377228376511 5.98349396415
0 4 4 1 0.0463725921408 5.63703745467
0 4 4 2 0.0477965740972 5.73349793649
0 4 4 3 0.0581356505976 5.73041938223
0 4 4 4 0.0614405584812 6.18081177369
0 4 4 5 0.0495359998178 7.67440592746
0 4 5 0 0.0513420239115 5.61481466828
0 4 5 1 0.049320309131 5.73301362903
0 4 5 2 0.060265125384 5.48024960273
0 4 5 3 0.0690025664587 5.62014441996
0 4 5 4 0.0779581193645 5.81755044146
0 4 5 5 0.0591266577818 7.42803908121
0 4 6 0 0.0648817422258 5.38520392731
0 4 6 1 0.0636894617318 5.40138092184
0 4 6 2 0.0721153928481 5.31193656682
0 4 6 3 0.0802085465838 5.30111684782
0 4 6 4 0.0903359809023 5.68386421046
0 4 6 5 0.0657296115222 7.36806998113
0 4 7 0 0.0770628863803 5.36247775208
0 4 7 1 0.0809385527384 5.18273902144
0 4 7 2 0.091707712877 5.05002623394
0 4 7 3 0.100965044349 5.02402129102
0 4 7 4 0.112687441579 5.26185808111
0 4 7 5 0.0759538252768 7.29674225731
0 4 8 0 0.0953473703152 4.84940907517
0 4 8 1 0.0975181614642 4.91111180273
0 4 8 2 0.109062874158 4.81440716446
0 4 8 3 0.111917757136 4.91107152587
0 4 8 4 0.123384518707 5.39646031449
0 4 8 5 0.087993880733 7.23355649381
0 4 9 0 0.113559700632 4.87112531859
0 4 9 1 0.121996556865 4.51457612625
0 4 9 2 0.125632778451 4.54319847141
0 4 9 3 0.147159532911 4.48836728192
0 4 9 4 0.14702142669 5.07158468992
0 4 9 5 0.0958061369638 7.09138753316
0 4 10 0 0.130085847137 4.69014906017
0 4 10 1 0.146830601682 4.44605484184
0 4 10 2 0.143682126887 4.53742051329
0 4 10 3 0.157969384224 4.5838262179
0 4 10 4 0.163410762216 5.02534271941
0 4 10 5 0.105149037817 7.18258536712
0 4 11 0 0.14862417761 4.55646779851
0 4 11 1 0.17391321039 4.56708752207
0 4 11 2 0.174221864141 4.44818803049
0 4 11 3 0.190424494622 4.35599956401
0 4 11 4 0.185136510063 5.13802647244
0 4 11 5 0.130774042969 7.07836626605
0 4 12 0 0.195122951024 4.52185657978
0 4 12 1 0.193489818576 4.4753748045
0 4 12 2 0.184962123508 4.78891744885
0 4 12 3 0.190031152255 5.21224100604
0 4 12 4 0.20038721145 5.52197022505
0 4 12 5 0.128445470772 7.17147768148
1 3 1 0 0.0153693086323 8.15190236924
1 3 1 1 0.0286280466441 7.07999870497
1 3 1 2 0.0258306292745 7.37191542277
1 3 2 0 0.0191577102346 9.26558274849
1 3 2 1 0.0245688204241 9.07379161339
1 3 2 2 0.0262143413145 9.10158774731
1 3 3 0 0.0291293080668 10.8573606404
1 3 3 1 0.0334744200568 10.7055759466
1 3 3 2 0.0343697103065 10.6656565402
1 3 4 0 0.0256406635024 10.3282814288
1 3 4 1 0.0291450568749 10.319346497
1 3 4 2 0.0330399670869 10.1115667347
1 3 5 0 0.0383040374805 11.3462513884
1 3 5 1 0.0416531546025 11.325988843
1 3 5 2 0.0456863831891 11.2848192884
1 3 6 0 0.0326438810963 10.2888154906
1 3 6 1 0.0390968438201 10.102761004
1 3 6 2 0.0400457519994 10.2754037303
1 3 7 0 0.0459791853254 10.9237228144
1 3 7 1 0.0516581078177 10.8834663486
1 3 7 2 0.0537656823178 10.7779450154
1 3 8 0 0.0381479130999 9.87986524413
1 3 8 1 0.0450700785846 9.65519395929
1 3 8 2 0.0455956855449 9.75113370096
1 3 9 0 0.0524584232997 10.2581037286
1 3 9 1 0.0596280492469 10.0317291828
1 3 9 2 0.0572856506827 10.2492498701
1 3 10 0 0.0427169925182 9.41374325564
1 3 10 1 0.051207998959 9.0051771782
1 3 10 2 0.0507305388663 9.2563174981
1 3 11 0 0.0587244710802 9.79128747233
1 3 11 1 0.0655365296348 9.34703591031
1 3 11 2 0.0705027605476 9.21008617882
1 3 12 0 0.056796095296 8.89466934697
1 3 12 1 0.062688272588 8.60365420109
1 3 12 2 0.0676294620063 8.47207673212
1 3 13 0 0.0767032023167 8.96807472692
1 3 13 1 0.0812367643955 8.75113516102
1 3 13 2 0.0834231942656 8.78211359872
1 3 14 0 0.0665150345495 8.57093360196
1 3 14 1 0.0683194420298 8.45200111055
1 3 14 2 0.0769449818668 8.30362196255
1 3 15 0 0.0924175933984 8.7001055824
1 3 15 1 0.103081831945 8.11561239881
1 3 15 2 0.10519954314 8.12446046886
1 3 16 0 0.0909064488088 8.31870189478
1 3 16 1 0.0964139680771 7.88837137231
1 3 16 2 0.0928306723695 7.92184192549
1 3 17 0 0.12704312733 8.0116448451
1 3 17 1 0.130546046114 7.79375128007
1 3 17 2 0.12337098081 7.89330094531
1 3 18 0 0.119121259615 8.06443539045
1 3 18 1 0.120076666886 7.57767300812
1 3 18 2 0.121640021548 7.61145643026
1 3 19 0 0.168858382726 7.78244654044
1 3 19 1 0.167381253276 7.28933875658
1 3 19 2 0.168450691128 7.31653557748
1 3 20 0 0.161010413775 7.71921834662
1 3 20 1 0.170134960292 7.14181878129
1 3 20 2 0.169172132875 7.22509446009
1 3 21 0 0.215589185288 7.27242653551
1 3 21 1 0.215884128482 6.80113876091
1 3 21 2 0.210062432072 6.73901231887
1 3 22 0 0.205986699464 7.52505816192
1 3 22 1 0.21198438977 6.91031464784
1 3 22 2 0.20863854222 6.99278206638
1 3 23 0 0.263696986745 7.02766625384
1 3 23 1 0.26197077749 6.74998220124
1 3 23 2 0.267245428348 6.635126282
1 3 24 0 0.263326503156 7.2731602065
1 3 24 1 0.263963053989 6.81206663929
1 3 24 2 0.262209220887 6.73344735083
1 3 25 0 0.300338120352 7.17663543738
1 3 25 1 0.32775088686 6.2705634211
1 3 25 2 0.314726252768 6.41598754379
1 3 26 0 0.325405217889 7.19471018432
1 3 26 1 0.33098543204 6.40833327848
1 3 26 2 0.331742735135 6.33356315619
1 3 27 0 0.380355094736 6.45950665914
1 3 27 1 0.415790201918 5.66947745669
1 3 27 2 0.381244188538 5.89739049761
1 3 28 0 0.379860427014 6.80705842901
1 3 28 1 0.380665773888 5.87276727997
1 3 28 2 0.359137137927 6.20991971147
1 3 29 0 0.413409477515 6.46314340032
1 3 29 1 0.425962009626 5.72876861218
1 3 29 2 0.397384925523 6.16248724887
1 3 30 0 0.482268600694 6.19032381741
1 3 30 1 0.509154634045 5.43624208465
1 3 30 2 0.469555692447 5.72803671644
1 4 1 0 0.0 5.0
1 4 1 1 0.0 5.0
1 4 1 2 0.0 5.0
1 4 2 0 0.0 5.0
1 4 2 1 0.0 5.0
1 4 2 2 0.0 5.0
1 4 3 0 0.0 5.0
1 4 3 1 0.0 5.0
1 4 3 2 0.0 5.0
1 4 4 0 0.0 5.0
1 4 4 1 0.0 5.0
1 4 4 2 0.0 5.0
1 4 5 0 0.0 5.0
1 4 5 1 0.0 5.0
1 4 5 2 0.0 5.0
1 4 6 0 0.0 5.0
1 4 6 1 0.0 5.0
1 4 6 2 0.0 5.0
1 4 7 0 0.0 5.0
1 4 7 1 0.0 5.0
1 4 7 2 0.0 5.0
1 4 8 0 0.0 5.0
1 4 8 1 0.0 5.0
1 4 8 2 0.0 5.0
1 4 9 0 0.0 5.0
1 4 9 1 0.0 5.0
1 4 9 2 0.0 5.0
1 4 10 0 0.0 5.0
1 4 10 1 0.0 5.0
1 4 10 2 0.0 5.0
1 4 11 0 0.0 5.0
1 4 11 1 0.0 5.0
1 4 11 2 0.0 5.0
1 4 12 0 0.0 5.0
1 4 12 1 0.0 5.0
1 4 12 2 0.0 5.0
